----------------------------- GPyOpt Report file -----------------------------------
GPyOpt Version 1.2.6
Date and time:               Fri Apr 30 12:06:44 2021
Optimization completed:      YES, 80 samples collected.
Number initial samples:      50 
Tolerance:                   1e-08.
Optimization time:           54.74287247657776 seconds.

-------------------------------- Problem set up ------------------------------------
Problem name:                no_name
Problem dimension:           989
Number continuous variables  989
Number discrete variables    0
Number bandits               0
Noiseless evaluations:       False
Cost used:                   User defined cost
Constraints:                  False

------------------------------ Optimization set up ---------------------------------
Normalized outputs:          True
Model type:                  GP
Model update interval:       1
Acquisition type:            EI
Acquisition optimizer:       lbfgs
Acquisition type:            EI
Acquisition optimizer:       lbfgs
Evaluator type (batch size): sequential (1)
Cores used:                  1

--------------------------------- Summary ------------------------------------------
Value at minimum:            77.75525733
Best found minimum location: 0.43194502 0.07455064 0.892559   0.04077514 0.6496329  0.35949115
 0.15643704 0.19579113 0.67251846 0.22359584 0.98727613 0.90415869
 0.80620128 0.18656702 0.12429722 0.34208175 0.05476164 0.86178562
 0.76360579 0.56640464 0.9154883  0.35462216 0.26560004 0.00638587
 0.65451121 0.60002055 0.08162998 0.17968311 0.45219903 0.87075345
 0.2434823  0.62385932 0.55778342 0.1163664  0.98367893 0.37588829
 0.62466357 0.13172877 0.3915257  0.33451129 0.0218234  0.16470635
 0.08346408 0.67617756 0.87275384 0.23743347 0.42182818 0.34316735
 0.03095579 0.47554604 0.68772204 0.80348274 0.8427119  0.73859746
 0.84706083 0.50060357 0.00903847 0.28249607 0.4226292  0.94709067
 0.0683532  0.25089305 0.24837626 0.76444073 0.71873962 0.62842646
 0.80449464 0.19092659 0.23201818 0.83736708 0.07103489 0.77704929
 0.79592639 0.02497166 0.44279814 0.16440553 0.82069616 0.65815982
 0.67109316 0.58835222 0.2972872  0.6738389  0.14328146 0.31491844
 0.68931041 0.81372334 0.40542283 0.16336676 0.33537161 0.94927311
 0.1962943  0.13812529 0.30246632 0.67101298 0.43526228 0.706372
 0.88819135 0.59646708 0.75982366 0.95713483 0.55974466 0.92053589
 0.75777656 0.20353487 0.22833125 0.85785778 0.1428143  0.77215203
 0.49101976 0.84486409 0.11396589 0.83637858 0.55057063 0.05621391
 0.09301741 0.26799727 0.92876342 0.813142   0.28540407 0.93649333
 0.5462476  0.10682099 0.26504729 0.05592635 0.37335316 0.30306576
 0.64772005 0.50371943 0.76193438 0.93403299 0.98076117 0.38646256
 0.50169917 0.15198018 0.23073459 0.88129755 0.85950298 0.5780721
 0.61534784 0.66046972 0.35640474 0.15484268 0.6925728  0.26241608
 0.93770462 0.48485874 0.44273593 0.18907765 0.08591039 0.61416885
 0.7869758  0.82064156 0.97121991 0.8709676  0.42589316 0.10294614
 0.90594397 0.35784116 0.11376196 0.42033539 0.45632592 0.44912341
 0.17170999 0.43621442 0.29510886 0.61149485 0.85776555 0.61834631
 0.76070481 0.29493114 0.45731661 0.44816087 0.0149985  0.25222313
 0.8833497  0.39855922 0.57705334 0.6490806  0.44378358 0.57133953
 0.0388737  0.03049655 0.93776456 0.27096321 0.84655432 0.14601691
 0.64853416 0.79135272 0.52762446 0.51216996 0.52943574 0.49617593
 0.72231117 0.7062325  0.16970524 0.98602793 0.36440987 0.91079791
 0.02954197 0.74962575 0.1008072  0.5035769  0.09421036 0.49815072
 0.54188017 0.31014722 0.70559579 0.60154851 0.41826408 0.79849596
 0.73979637 0.92852208 0.13452549 0.70458603 0.01115459 0.48245147
 0.20169996 0.5251024  0.60922266 0.65749423 0.39787859 0.50928899
 0.75380348 0.48582056 0.42941879 0.9326819  0.35617853 0.34948518
 0.75785812 0.21237066 0.70932385 0.10022826 0.91780254 0.68811388
 0.25274267 0.01023386 0.75662279 0.62874523 0.24468619 0.25774006
 0.17454588 0.86344313 0.7889509  0.55340003 0.10157454 0.61064275
 0.00830484 0.28155386 0.7809744  0.55133055 0.42530815 0.58150831
 0.15567613 0.32125517 0.71188209 0.29906431 0.4269662  0.58493612
 0.05596556 0.62433553 0.41427685 0.91469574 0.95880095 0.56163253
 0.83962939 0.95878664 0.88758899 0.81240248 0.87899231 0.23494856
 0.25734199 0.95325486 0.01778514 0.89601552 0.31431488 0.75876375
 0.65268904 0.61804281 0.92532974 0.76223256 0.9653887  0.79870457
 0.98596168 0.1704332  0.24989319 0.89827971 0.87794156 0.96207538
 0.96924213 0.5850999  0.9562592  0.77131363 0.77764257 0.64872188
 0.18999651 0.19932386 0.01692935 0.12409688 0.73605401 0.4113227
 0.19275201 0.14070783 0.05717965 0.58194364 0.24044556 0.23384837
 0.7573056  0.00402528 0.48281749 0.74081766 0.46382172 0.15415605
 0.99992483 0.61892236 0.36169081 0.55076573 0.06487364 0.87444439
 0.82218291 0.381175   0.9933675  0.09289971 0.29707696 0.43961723
 0.98059212 0.68199745 0.24241591 0.43198759 0.72856521 0.72944399
 0.7196896  0.99652207 0.0492802  0.71836022 0.29766451 0.759695
 0.52187297 0.21372115 0.95765647 0.74388814 0.70755336 0.74764461
 0.54372673 0.832478   0.61400834 0.31921104 0.89777407 0.65105112
 0.53502921 0.98551936 0.93261702 0.78396079 0.95068194 0.51444643
 0.24290967 0.40100982 0.84873699 0.51418818 0.26926032 0.42984574
 0.32982783 0.64973285 0.72419245 0.20276921 0.09929335 0.08967826
 0.6949267  0.33395352 0.70885711 0.37277705 0.2325936  0.65225652
 0.37711706 0.97519241 0.25131296 0.70067234 0.22413218 0.09330118
 0.49493232 0.53637202 0.41950074 0.41053293 0.5566059  0.0687706
 0.62604447 0.6554657  0.98046164 0.77373174 0.18476499 0.40089332
 0.22024694 0.0827475  0.79699262 0.17049752 0.9162488  0.76196284
 0.35882861 0.65391779 0.87145206 0.62386254 0.59907151 0.4157279
 0.07812143 0.45629964 0.78486831 0.46422517 0.12856826 0.00252176
 0.89110314 0.48271005 0.96900187 0.36195407 0.43736306 0.62380726
 0.80462244 0.63827562 0.46783234 0.87173909 0.55810844 0.62680363
 0.12420329 0.3158315  0.2817855  0.86610656 0.90558458 0.97285773
 0.75958075 0.67446128 0.12219676 0.72887029 0.12324627 0.47442319
 0.01574061 0.21296545 0.4497345  0.4043111  0.99865392 0.47047125
 0.7500341  0.91705159 0.96005828 0.9206751  0.96257289 0.15492969
 0.72650346 0.43422778 0.65245815 0.88392254 0.5674942  0.3389082
 0.2236756  0.08334933 0.66645625 0.17150982 0.09488918 0.54463906
 0.50780288 0.82629136 0.42769951 0.19098203 0.20153794 0.88090876
 0.71065738 0.16769732 0.00460994 0.55251978 0.5554935  0.02086147
 0.48988644 0.88438617 0.58738947 0.67988497 0.46110319 0.0144421
 0.30299093 0.87561802 0.68517858 0.09096985 0.22724483 0.67573866
 0.25508643 0.94274525 0.9497871  0.97234038 0.8577736  0.16055394
 0.09263637 0.0244201  0.94310807 0.64309356 0.83978404 0.98321856
 0.33784305 0.36761597 0.54272237 0.35256214 0.47545635 0.21749318
 0.74032848 0.37612243 0.87781917 0.85583963 0.50395864 0.95663501
 0.32154971 0.14036273 0.10351327 0.64472559 0.56645175 0.7617485
 0.39011648 0.36777759 0.46323674 0.46688422 0.31160942 0.38734374
 0.75583813 0.57950144 0.99838488 0.3781083  0.51222853 0.61705419
 0.21128144 0.43639326 0.49873933 0.15400287 0.67353126 0.31467182
 0.42592578 0.29510947 0.91123536 0.50098016 0.76026778 0.49700096
 0.4213222  0.56424995 0.25122552 0.58522229 0.80958012 0.19914712
 0.15237406 0.72303629 0.90414047 0.44251123 0.5158258  0.31239728
 0.31207302 0.61911044 0.37052933 0.67637684 0.09605226 0.42010303
 0.03587968 0.20831148 0.10283741 0.00124288 0.67597153 0.48581629
 0.74591761 0.65441984 0.91653728 0.58894178 0.68207682 0.84130315
 0.14076422 0.69644127 0.2484646  0.06188021 0.29117806 0.82676258
 0.29150512 0.61641282 0.41730592 0.20169756 0.04360037 0.55693317
 0.31624844 0.82734996 0.06187176 0.31234614 0.20826519 0.5625303
 0.1242384  0.32386977 0.13516381 0.49321144 0.02061316 0.09715974
 0.00327093 0.67406789 0.85224797 0.12229627 0.36015569 0.92052298
 0.60117093 0.7509708  0.37710759 0.2559101  0.57113671 0.10130837
 0.66137374 0.63336479 0.10082534 0.82184993 0.26226791 0.87167478
 0.46709596 0.76988361 0.79118867 0.38446099 0.14337031 0.59152177
 0.02041345 0.25215259 0.95076807 0.22627915 0.68299375 0.34273427
 0.320285   0.14529735 0.2042636  0.38211649 0.50915254 0.50775722
 0.25794664 0.24754557 0.07598178 0.11363389 0.04890713 0.48288804
 0.46408993 0.95427178 0.45274181 0.53550776 0.09355886 0.70837816
 0.52289061 0.08814173 0.09907694 0.89054159 0.99838152 0.34936945
 0.45839086 0.33758446 0.92679085 0.60471561 0.49544964 0.12250959
 0.53333941 0.22614678 0.63115808 0.07201266 0.24058797 0.21875743
 0.09907786 0.89354371 0.96896394 0.05930143 0.36739023 0.90819834
 0.3780379  0.28157472 0.089227   0.80156299 0.36244191 0.14025194
 0.58478802 0.55456779 0.43544349 0.40991884 0.2220331  0.88512991
 0.51413672 0.65392449 0.12827739 0.65428734 0.35525699 0.62033777
 0.83041524 0.39909473 0.8752868  0.02890999 0.20600011 0.73135605
 0.80210464 0.87759829 0.31329235 0.85123717 0.55745505 0.28249724
 0.84288712 0.95930412 0.81112283 0.59809634 0.38204059 0.31654454
 0.87282441 0.22338967 0.48985117 0.7592101  0.56287208 0.61045455
 0.47932507 0.62065224 0.76969675 0.62145316 0.01481213 0.19531474
 0.62353165 0.72104584 0.48564853 0.64883932 0.90539731 0.791365
 0.98154208 0.04254757 0.37703917 0.82184139 0.5683516  0.88881646
 0.87816877 0.60120797 0.26790952 0.4958431  0.50512217 0.55047489
 0.14220494 0.10668219 0.02975661 0.73542205 0.20409168 0.92074169
 0.67807278 0.86867747 0.63747094 0.95283919 0.00123938 0.11310561
 0.01199668 0.67325931 0.59546012 0.01616651 0.09745611 0.96125452
 0.1266163  0.18782181 0.17815333 0.10212263 0.51127421 0.80766382
 0.50988331 0.69846737 0.5633129  0.66660678 0.02353371 0.83038887
 0.12630538 0.54573409 0.02502113 0.50874853 0.02881838 0.28942154
 0.33753795 0.31935262 0.84893023 0.49877925 0.01987473 0.79471975
 0.43107419 0.96168415 0.55612993 0.08026459 0.88495305 0.78033844
 0.43784871 0.71678134 0.27604349 0.85140245 0.34053661 0.00699619
 0.73907317 0.25750317 0.78116047 0.83050715 0.56278123 0.17134191
 0.3091834  0.84224114 0.02655745 0.01223502 0.93571455 0.9317204
 0.6136492  0.97136386 0.52325601 0.12526233 0.2017928  0.18600623
 0.36196194 0.19078486 0.00890587 0.42723473 0.00932551 0.23881508
 0.49774616 0.29950572 0.88377148 0.55348695 0.57948186 0.68968995
 0.83273379 0.59490469 0.47931394 0.16202616 0.50408346 0.65794771
 0.47067458 0.21421715 0.87875274 0.92671101 0.53269336 0.35810446
 0.40781681 0.55270584 0.0872104  0.13885196 0.49658253 0.27301992
 0.02610413 0.46590518 0.55935637 0.92090512 0.57791461 0.37033538
 0.25473628 0.93797194 0.22133721 0.28655795 0.19194429 0.59818491
 0.05733476 0.55065905 0.99792128 0.76195276 0.54224161 0.78629606
 0.1618286  0.911705   0.24607365 0.86344603 0.72944698 0.31039083
 0.3282227  0.2568402  0.60897982 0.48337591 0.15376775 0.995123
 0.31445309 0.56338132 0.03572261 0.75491015 0.95205224 0.18003845
 0.69942311 0.08196393 0.81232278 0.84097726 0.93462841 0.15339555
 0.43681426 0.94489019 0.02835158 0.73180233 0.21956439 0.04243948
 0.94664585 0.47265762 0.11553926 0.6660408  0.39960234 0.9241168
 0.73909529 0.82382823 0.64645987 0.2124153  0.2753323  0.76272943
 0.73190861 0.40094658 0.67169628 0.82159902 0.66209722 0.87590193
 0.8097331  0.16438907 0.36288956 0.46179199 0.91491524 0.55982175
 0.17612861 0.1415308  0.83578476 0.87332895 0.49592702 0.98589085
 0.89712786 0.64951503 0.41792496 0.90517142 0.01038157 0.8568926
 0.30905672 0.61909548 0.69883305 0.64084623 0.80530051 0.14391103
 0.38918339 0.36532139 0.96778669 0.61387702 0.49230624 0.06223931
 0.80335623 0.21150076 0.00547422 0.56700203 0.17792242 0.56366448
 0.77427078 0.02063542 0.00967436 0.94278118 0.14904423 0.15136899
 0.34922055 0.15148893 0.50607935 0.31036287 0.1255046  0.05899644
 0.70225603 0.38169872 0.50568281 0.70535358 0.6245849  0.33514227
 0.40010403 0.27926833 0.24072384 0.49961137 0.51829828 0.55299977
 0.31463231 0.67650311 0.29680108 0.85102703 0.65875881 0.0014288
 0.2246217  0.35949465 0.74538296 0.24010671 0.81369264 0.01940003
 0.24612788 0.24704121 0.2358365  0.35150308 0.66504813 0.36650913
 0.96811007 0.92639597 0.70301848 0.77324433 0.87351535 0.6694014
 0.74331769 0.17652476 0.56283632 0.71906329 0.67956158 0.23909104
 0.56927022 0.72929804 0.3986056  0.20780173 0.04330658
----------------------------------------------------------------------------------------------
