----------------------------- GPyOpt Report file -----------------------------------
GPyOpt Version 1.2.6
Date and time:               Fri May  7 07:25:40 2021
Optimization completed:      YES, 100 samples collected.
Number initial samples:      60 
Tolerance:                   1e-08.
Optimization time:           55.72932410240173 seconds.

-------------------------------- Problem set up ------------------------------------
Problem name:                no_name
Problem dimension:           380
Number continuous variables  380
Number discrete variables    0
Number bandits               0
Noiseless evaluations:       False
Cost used:                   User defined cost
Constraints:                  False

------------------------------ Optimization set up ---------------------------------
Normalized outputs:          True
Model type:                  GP
Model update interval:       1
Acquisition type:            EI
Acquisition optimizer:       lbfgs
Acquisition type:            EI
Acquisition optimizer:       lbfgs
Evaluator type (batch size): sequential (1)
Cores used:                  1

--------------------------------- Summary ------------------------------------------
Value at minimum:            24.13334782
Best found minimum location:  1.          0.36013544  0.06708379  0.99754803  0.49923672  0.21227314
  0.84336973  0.66295274  0.07498943  0.55327147  0.19434652  0.49401989
  0.63432827  0.94780302  0.98264349  0.21006307  0.00120005  0.19286762
  0.73197092  0.6233373   0.84804078  0.57589032  0.48640691  0.30368617
  0.39513427  0.62311655  0.0811753   0.96285471  0.7030641   0.90945378
  0.09850508  0.838551    0.22110499  0.81377046  0.44570915  0.63547871
  0.29527111  0.54271388  0.46346952  0.18769953  0.10273759  0.81626467
  0.3128118   0.89347218  0.77481573  0.15224196  0.00965446  0.52702892
  0.65753788  0.99247012  0.50453856  0.85403381  0.03981462  0.71380718
  0.76994333  0.85756908  0.51326831  0.41482     0.40779612  0.76462816
  0.94519487  0.01132843  0.77725283  0.16016629  0.35793927  0.4412304
  0.93481119  0.70681493  0.90117908  0.88055898  0.8097651   0.08983729
  0.90083477  0.64048842  0.85244756  0.64615776  0.56384938  0.88401467
  0.32040252  0.51300542  0.56923471  0.40587159  0.96303176  0.47585681
  0.75966982  0.13994123  0.07093428  0.20941662  0.35471694  0.02704893
  0.80714474  0.96581352  0.57540786  0.79161467  0.23125736  0.32708609
  0.93047513  0.64806883  0.59399832  0.85916831  0.77189804  0.55816156
  0.41973699  0.44843524  0.77477133  0.77518849  0.53451839  0.84899417
  0.05784684  0.30555864  0.4691656   0.58863391  0.27224287  0.32229083
  0.30050148  0.93917728  0.0954287   0.11965771  0.2093728   0.4057855
  0.43447267  0.46577243  0.33251804  0.93952814  0.34195291  0.99396977
  0.38532353  0.00868873  0.51307795  0.62890895  0.79299582  0.97480179
  0.04569734  0.20126772  0.5326843   0.04801621  0.1277311   0.41993125
  0.5507737   0.83116476  0.52566913  0.97732687  0.67833359  0.43904088
  0.87309218  0.63503625  0.87829104  0.86231134  0.16827134  0.31029586
  0.21537527  0.12246566  0.34402334  0.33680032  0.6888427   0.9911144
  0.74780286  0.49914791  0.77171523  0.25230707  0.21924256  0.46606931
  0.40093323  0.25718684  0.54306495  0.68940717  0.67428276  0.05447127
  0.05168204  0.48477126  0.70003157  0.821106    0.06151542  0.67040117
  0.87101646  0.08037968  0.16468604  0.63760523  0.58457887  0.01102831
  0.51770617  0.79394849  0.25798938  0.0405653   0.93137205  0.37507715
  0.64701036  0.48336352  0.51072479  0.53306491  0.89359692  0.03697683
  0.73703069  0.78710059  0.17234931  0.54617567  0.83318712  0.94298621
  0.90341674  0.91695688  0.73142727  0.49268434  0.39623622  0.47610027
  0.83870769  0.61580609  0.35733153  0.48198329  0.94950539  0.51220193
  0.90977795  0.08453886  0.33611524  0.69016453  0.54921201  0.03465314
  0.11728055  0.71723883  0.0808553   0.02027317  0.02924508  0.53526583
  0.80984794  0.60535382  0.94037762  0.92041289  0.47335298  0.47520912
  0.28273512  0.42190602  0.17590741  0.22303836  0.72105691  0.03442331
  0.09354879  0.07920002  0.39117149  0.1534186   0.63379772  0.15218547
  0.16958764  0.80663836  0.63760499  0.64971601  0.95302977  0.55100588
  0.79592033  0.0045857   0.63795354  0.12509378  0.20333858  0.61839444
  0.64913913  0.00398723  0.28988636  0.36710139  0.2096062   0.70274126
  0.54362846  0.49424516  0.71667119  0.22109066  0.15260732  0.12304007
  0.90930816  0.63158584  0.46625556  0.91650112  0.72755575  0.35088779
  0.22942494  0.4392588   0.20647112  0.92768407  0.49223253  0.51682767
  0.30327112  0.06509482  0.05289699  0.87419634  0.64096714  0.2056321
  0.87504121  0.72556229  0.40804477  0.11170515  0.27321307  0.73994459
  0.21869834  0.50358993  0.83856133  0.15707108  0.54078277  0.74868771
  0.47885077  0.94285261  0.7932481   0.83291955  0.57565134  0.93797871
  0.17175292  0.92776831  0.39098091  0.35746579  0.2383861   0.50455445
  0.87093991  0.4306911   0.26062937  0.2123595   0.91641428  0.36589908
  0.07684876  0.86697334  0.60933586  0.97144094  0.17806646  0.72893294
  0.83210694  0.1173735   0.18305849  0.01171438  0.96524933  0.43107893
  0.75846449  0.65175967  0.94329302  0.08216979  0.6419676   0.05600251
  0.38590095  0.76560177  0.3389643   0.96672209  0.18285022  0.23782303
  0.53368594  0.57030421  0.50363426  0.04725856  0.24304942  0.25970004
  0.59748618  0.12138204  0.66166828  0.51502214  0.86896153  0.54990685
  0.59978398  0.05649449  0.53506789  0.09472052  0.83464495  0.65572988
  0.60523086  0.52964125  0.66219213  0.20397369  0.71692231  0.27081957
  0.83392605  0.86923488  0.74758863  0.87469093  0.369992    0.62810803
  0.40205449  0.01998381  0.86906381  0.54173265  0.04795185  0.15971085
  0.90639191  0.39743792  0.07395958  0.0709785   0.02975899 -0.45208302
  0.70476043  0.01550347
----------------------------------------------------------------------------------------------
